00070006
00050004
00030002
00010000
00070006
00050004
00030002
00010000
00070006
00050004
00030002
00010000
00070006
00050004
00030002
00010000
00070006
00050004
00030002
00010000
00070006
00050004
00030002
00010000
00070006
00050004
00030002
00010000
00070006
00050004
00030002
00010000
00040005
00060007
00000001
00020003
00040005
00060007
00000001
00020003
00040005
00060007
00000001
00020003
00040005
00060007
00000001
00020003
00040005
00060007
00000001
00020003
00040005
00060007
00000001
00020003
00040005
00060007
00000001
00020003
00040005
00060007
00000001
00020003
00000000
00000000
00000000
00000000
00000000
00000000
00000000
00000000
00000000
00000000
00000000
00000000
00000000
00000000
00000000
00000000
00000000
00000000
00000000
00000000
00000000
00000000
00000000
00000000
00000000
00000000
00000000
00000000
00000000
00000000
00000000
00000000
00000000
00000000
00000000
00000000
00000000
00000000
