00000001
00020003
00040005
00060007
00080009
000a000b
000c000d
000e000f
00100011
00120013
00140015
00160017
00180019
001a001b
001c001d
001e001f
00200021
00220023
00240025
00260027
00280029
002a002b
002c002d
002e002f
00300031
00320033
00340035
00360037
00380039
003a003b
003c003d
003e003f
00470046
00450044
00430042
00410040
004f004e
004d004c
004b004a
00490048
00570056
00550054
00530052
00510050
005f005e
005d005c
005b005a
00590058
00670066
00650064
00630062
00610060
006f006e
006d006c
006b006a
00690068
00770076
00750074
00730072
00710070
007f007e
007d007c
007b007a
00790078
00000000
00000000
00000000
00000000
00000000
00000000
00000000
00000000
00000000
00000000
00000000
00000000
00000000
00000000
00000000
00000000
00000000
00000000
00000000
00000000
00000000
00000000
00000000
00000000
00000000
00000000
00000000
00000000
00000000
00000000
00000000
00000000
00000000
00000000
00000000
00000000
00000000
00000000
