00010001
00010001
00010001
00010001
00000001
00010001
00010001
00010001
00000000
00010001
00010001
00010001
00000000
00000001
00010001
00010001
00000000
00000000
00010001
00010001
00000000
00000000
00000001
00010001
00000000
00000000
00000000
00010001
00000000
00000000
00000000
00000001
00000000
00000000
00000000
00000000
00000000
00000000
00000000
00000000
00000000
00000000
00000000
00000000
00000000
00000000
00000000
00000000
00000000
00000000
00000000
00000000
00000000
00000000
00000000
00000000
00000000
00000000
00000000
00000000
00000000
00000000
00000000
00000000
00000000
00000000
00000000
00000000
00000000
00000000
